ListSell = [26.544000000000004, 17.432, 9.839999999999998, 10.839, 10.115000000000002, 35.514999999999986, 25.373000000000008, 30.61800000000001, 25.866, 28.256000000000007, 37.65899999999998, 37.217999999999975, 32.96199999999999, 57.86499999999997, 39.757, 34.085, 18.038999999999998, 6.798000000000001, 9.017000000000001, 6.638999999999999, 7.599000000000001, 13.267000000000001, 33.00600000000001, 26.517999999999994, 13.483000000000002, 376.28700000000003, 384.3829999999999, 384.49899999999997, 384.5, 382.85299999999984, 3.922, 13.867, 18.83, 6.087, 3.234, 8.550999999999998, 13.156999999999998, 25.999000000000002, 33.748000000000005, 32.94500000000001, 30.296999999999997, 38.65299999999999, 32.48399999999999, 21.831999999999997, 24.631999999999998, 24.281, 22.736000000000004, 31.784000000000002, 35.864, 29.715, 29.992000000000004, 43.30499999999999, 58.51799999999999, 78.50399999999998, 80.28699999999998, 184.44500000000005, 185.563, 198.73100000000008, 182.99400000000006, 190.97799999999998, 205.34700000000004, 213.37100000000004, 217.18099999999998, 228.465, 256.8219999999999, 229.41100000000003, 236.93499999999995, 268.22799999999984, 256.20199999999994, 225.246, 145.665, 124.33100000000002, 75.36399999999999, 76.973, 107.91100000000004, 109.55000000000004, 121.21000000000004, 124.36500000000005, 100.52700000000003, 94.89300000000006, 99.33700000000003, 88.284, 88.46700000000001, 97.32200000000002, 86.972, 107.50400000000002, 84.80699999999999, 60.92399999999999, 62.969000000000015, 82.666, 77.06200000000001, 74.88699999999999, 72.174, 88.48000000000005, 75.75200000000001, 65.723, 69.93399999999998, 65.429, 65.588, 41.34499999999999, 67.09600000000002, 60.590999999999994, 64.52499999999998, 63.72399999999999, 69.80100000000002, 71.99800000000002, 88.4970000000001, 84.49100000000007, 93.70600000000007, 74.82100000000001, 84.24100000000004, 81.55700000000004, 71.63199999999999, 76.98200000000003, 88.63500000000009, 101.07800000000013, 79.11000000000004, 87.12700000000005, 84.42600000000006, 89.25700000000005, 110.24900000000008, 91.30200000000006, 91.29900000000006, 92.20200000000006, 93.21800000000007, 66.547, 66.09699999999998, 39.279, 322.5309999999996, 280.11599999999993, 288.3659999999998, 346.33599999999996]
prixsell = 47000.0
QTSell = 346.33599999999996
ValueSell = 376.28700000000003
MoyenneSell = 95.73656818181814
MoyenneBuy = 78.91736764705878
ValueBUY = 102.65999999999997
listBuy = [26.544000000000004, 17.432, 9.839999999999998, 10.839, 10.115000000000002, 35.514999999999986, 25.373000000000008, 30.61800000000001, 25.866, 28.256000000000007, 37.65899999999998, 37.217999999999975, 32.96199999999999, 57.86499999999997, 39.757, 34.085, 18.038999999999998, 6.798000000000001, 9.017000000000001, 6.638999999999999, 7.599000000000001, 13.267000000000001, 33.00600000000001, 26.517999999999994, 13.483000000000002, 376.28700000000003, 384.3829999999999, 384.49899999999997, 384.5, 382.85299999999984, 3.922, 13.867, 18.83, 6.087, 3.234, 8.550999999999998, 13.156999999999998, 25.999000000000002, 33.748000000000005, 32.94500000000001, 30.296999999999997, 38.65299999999999, 32.48399999999999, 21.831999999999997, 24.631999999999998, 24.281, 22.736000000000004, 31.784000000000002, 35.864, 29.715, 29.992000000000004, 43.30499999999999, 58.51799999999999, 78.50399999999998, 80.28699999999998, 184.44500000000005, 185.563, 198.73100000000008, 182.99400000000006, 190.97799999999998, 205.34700000000004, 213.37100000000004, 217.18099999999998, 228.465, 256.8219999999999, 229.41100000000003, 236.93499999999995, 268.22799999999984, 256.20199999999994, 225.246, 145.665, 124.33100000000002, 75.36399999999999, 76.973, 107.91100000000004, 109.55000000000004, 121.21000000000004, 124.36500000000005, 100.52700000000003, 94.89300000000006, 99.33700000000003, 88.284, 88.46700000000001, 97.32200000000002, 86.972, 107.50400000000002, 84.80699999999999, 60.92399999999999, 62.969000000000015, 82.666, 77.06200000000001, 74.88699999999999, 72.174, 88.48000000000005, 75.75200000000001, 65.723, 69.93399999999998, 65.429, 65.588, 41.34499999999999, 67.09600000000002, 60.590999999999994, 64.52499999999998, 63.72399999999999, 69.80100000000002, 71.99800000000002, 88.4970000000001, 84.49100000000007, 93.70600000000007, 74.82100000000001, 84.24100000000004, 81.55700000000004, 71.63199999999999, 76.98200000000003, 88.63500000000009, 101.07800000000013, 79.11000000000004, 87.12700000000005, 84.42600000000006, 89.25700000000005, 110.24900000000008, 91.30200000000006, 91.29900000000006, 92.20200000000006, 93.21800000000007, 66.547, 66.09699999999998, 39.279, 322.5309999999996, 280.11599999999993, 288.3659999999998, 346.33599999999996]
QTBuy = 0.20600000000000002
prixbuy = 46950.0
listBuy = [0.944, 17.081999999999997, 1.273, 0.255, 3.396, 8.706, 29.192, 56.57100000000004, 78.46199999999995, 95.05199999999996, 50.65400000000001, 52.30500000000001, 60.59600000000002, 51.921, 67.44399999999997, 67.28599999999996, 65.65399999999998, 73.21599999999998, 72.38499999999996, 67.48699999999997, 79.37199999999997, 68.38099999999997, 76.88699999999997, 102.65999999999997, 95.31399999999998, 85.53299999999996, 90.32099999999997, 84.31299999999999, 86.49399999999996, 95.31899999999997, 99.01600000000002, 101.33999999999997, 111.06199999999994, 113.29099999999995, 109.05899999999995, 111.25399999999995, 89.33199999999994, 114.83899999999998, 120.26100000000004, 113.88699999999999, 101.71699999999997, 97.04299999999996, 102.28799999999997, 91.74599999999997, 93.06099999999998, 89.95499999999997, 93.88499999999998, 95.55, 104.94, 97.56899999999999, 91.97599999999998, 85.73399999999998, 88.015, 92.923, 93.03099999999999, 91.24399999999999, 91.46299999999997, 90.84499999999997, 90.47799999999998, 90.84200000000001, 95.14100000000003, 99.00399999999999, 106.392, 150.6910000000001, 150.8490000000001, 11.628999999999998, 10.347999999999999, 0.20600000000000002]
-------------------------------perte--------------
ListSell = [114.031, 54.139999999999986, 74.013, 89.33900000000001, 91.85699999999997, 120.98600000000003, 134.22800000000004, 171.90799999999993, 228.07699999999997, 192.3269999999999, 136.46399999999994, 3.238]
prixsell = 47200.0
QTSell = 3.238
ValueSell = 114.031
MoyenneSell = 117.55066666666666
MoyenneBuy = 133.3825
ValueBUY = 230.628
listBuy = [114.031, 54.139999999999986, 74.013, 89.33900000000001, 91.85699999999997, 120.98600000000003, 134.22800000000004, 171.90799999999993, 228.07699999999997, 192.3269999999999, 136.46399999999994, 3.238]
QTBuy = 230.628
prixbuy = 47150.0
listBuy = [36.137, 230.628]
-------------------------------perte--------------
ListSell = [109.27200000000003, 106.89500000000002, 334.22599999999983, 358.3109999999998, 244.677, 254.40900000000002, 190.56800000000015, 183.1850000000001, 70.84100000000007, 72.15999999999998, 67.32999999999997, 53.095999999999975, 48.855, 47.192999999999984, 36.243, 45.605000000000004, 32.141000000000005, 54.82899999999999, 48.91, 6.975, 19.907999999999998, 25.401999999999997, 55.36500000000001, 27.957000000000008, 16.609999999999992, 16.229999999999997, 4.3229999999999995]
prixsell = 47200.0
QTSell = 4.3229999999999995
ValueSell = 109.27200000000003
MoyenneSell = 93.75985185185183
MoyenneBuy = 119.31542857142858
ValueBUY = 282.66499999999996
listBuy = [109.27200000000003, 106.89500000000002, 334.22599999999983, 358.3109999999998, 244.677, 254.40900000000002, 190.56800000000015, 183.1850000000001, 70.84100000000007, 72.15999999999998, 67.32999999999997, 53.095999999999975, 48.855, 47.192999999999984, 36.243, 45.605000000000004, 32.141000000000005, 54.82899999999999, 48.91, 6.975, 19.907999999999998, 25.401999999999997, 55.36500000000001, 27.957000000000008, 16.609999999999992, 16.229999999999997, 4.3229999999999995]
QTBuy = 210.47499999999994
prixbuy = 47150.0
listBuy = [0.08, 282.66499999999996, 42.285000000000004, 58.681000000000004, 61.86500000000001, 81.58400000000002, 71.952, 81.47899999999996, 98.38499999999999, 94.35800000000003, 104.97600000000004, 99.74100000000003, 87.23700000000002, 142.57100000000005, 158.28400000000008, 173.52400000000006, 126.39800000000001, 159.01500000000001, 183.01600000000005, 187.05300000000003, 210.47499999999994]
++++++++++++++gain++++++++++++++++
ListSell = [41.42700000000003, 39.498000000000005, 35.383, 17.63, 14.376999999999999, 13.331999999999999, 13.085999999999999, 4.676, 23.225, 53.22300000000003, 71.08599999999998, 75.631, 54.19200000000002, 45.27500000000003, 52.249000000000024, 93.47999999999999, 69.307, 41.87800000000002, 116.98799999999994, 26.865000000000023, 27.836, 20.207, 3.315]
prixsell = 47200.0
QTSell = 3.315
ValueSell = 116.98799999999994
MoyenneSell = 41.48547826086958
MoyenneBuy = 179.57482608695645
ValueBUY = 180.898
listBuy = [41.42700000000003, 39.498000000000005, 35.383, 17.63, 14.376999999999999, 13.331999999999999, 13.085999999999999, 4.676, 23.225, 53.22300000000003, 71.08599999999998, 75.631, 54.19200000000002, 45.27500000000003, 52.249000000000024, 93.47999999999999, 69.307, 41.87800000000002, 116.98799999999994, 26.865000000000023, 27.836, 20.207, 3.315]
QTBuy = 238.307
prixbuy = 47150.0
listBuy = [180.898, 154.46400000000003, 188.70999999999992, 198.89499999999987, 214.12399999999994, 205.90699999999993, 206.53599999999994, 217.544, 197.87099999999998, 183.70599999999993, 141.78200000000004, 150.162, 156.87800000000001, 158.95900000000003, 158.85, 158.44099999999997, 153.19099999999997, 157.4, 145.018, 160.05100000000002, 191.5269999999999, 210.99999999999997, 238.307]
ListSell = [20.185000000000002, 183.74500000000006, 220.3390000000001]
prixsell = 47350.0
QTSell = 220.3390000000001
ValueSell = 183.74500000000006
MoyenneSell = 141.42300000000006
MoyenneBuy = 61.93366666666669
ValueBUY = 149.29000000000008
listBuy = [20.185000000000002, 183.74500000000006, 220.3390000000001]
QTBuy = 1.516
prixbuy = 47300.0
listBuy = [149.29000000000008, 34.995, 1.516]
-------------------------------perte--------------
ListSell = [12.511, 284.43500000000023, 256.4540000000001]
prixsell = 47450.0
QTSell = 256.4540000000001
ValueSell = 284.43500000000023
MoyenneSell = 184.46666666666678
MoyenneBuy = 206.41235897435914
ValueBUY = 243.1060000000001
listBuy = [12.511, 284.43500000000023, 256.4540000000001]
QTBuy = 2.5010000000000003
prixbuy = 47400.0
listBuy = [243.1060000000001, 219.728, 220.54000000000005, 245.35000000000014, 266.9760000000001, 222.70500000000004, 230.18399999999997, 201.471, 209.88299999999998, 215.03099999999995, 212.579, 223.484, 228.17699999999996, 240.766, 251.3329999999999, 222.94899999999996, 214.45899999999997, 210.293, 209.526, 244.75699999999995, 232.414, 230.21700000000004, 220.23900000000003, 227.293, 131.662, 134.842, 149.48000000000002, 127.571, 139.255, 130.83499999999998, 125.205, 126.695, 131.21, 159.293, 192.18600000000004, 169.61200000000002, 184.75099999999998, 164.971, 171.676, 175.92100000000002, 186.664, 169.78500000000003, 137.626, 145.127, 172.502, 151.65699999999998, 136.002, 160.297, 133.205, 145.172, 130.644, 122.867, 121.428, 123.40299999999999, 134.472, 118.92699999999999, 126.441, 120.904, 122.339, 126.83, 116.95400000000001, 122.707, 123.995, 128.18200000000002, 133.755, 127.197, 120.508, 120.601, 115.13499999999999, 119.922, 120.08999999999999, 398.58599999999996, 353.1600000000002, 385.62300000000016, 370.89800000000014, 372.8660000000001, 361.9530000000001, 371.65300000000013, 383.6920000000001, 365.10000000000014, 366.1540000000002, 334.34000000000015, 328.73300000000023, 309.78800000000024, 309.94700000000023, 256.21200000000016, 236.10400000000004, 246.04700000000008, 239.92400000000004, 225.098, 216.32099999999997, 212.91599999999994, 205.57900000000004, 241.63899999999995, 265.27100000000013, 299.2570000000002, 301.23800000000017, 294.31100000000015, 300.7530000000002, 322.31200000000024, 310.2740000000002, 158.771, 150.29299999999998, 142.923, 144.3, 181.89600000000002, 159.109, 169.76700000000002, 149.63000000000002, 139.506, 411.2919999999995, 268.9980000000001, 210.03700000000015, 243.74000000000012, 202.99300000000005, 234.77799999999996, 2.5010000000000003]
-------------------------------perte--------------
ListSell = [72.37700000000002, 109.06699999999998, 101.31399999999996, 135.005, 138.22800000000004, 123.511, 115.40000000000003, 71.33099999999999, 112.122, 134.644, 87.12599999999996, 146.32900000000006, 107.08000000000007, 102.90600000000008, 101.03800000000005, 104.46400000000006, 71.20300000000005, 118.15599999999999, 74.671, 117.91900000000003, 101.17300000000004, 5.98, 13.967000000000002, 20.412000000000003, 24.842, 56.056000000000026, 26.456000000000003, 81.87599999999999, 65.715, 75.715, 128.56099999999998, 102.04500000000006, 62.08300000000002, 108.41399999999997, 48.39700000000001, 37.878, 36.236000000000004, 25.349999999999994, 30.133999999999997, 53.893000000000036, 36.872, 29.166, 44.05900000000001, 33.944, 30.396000000000008, 38.188, 84.19399999999999, 79.22100000000002, 53.36100000000002, 34.23799999999999, 95.13800000000008, 75.01900000000002, 105.98300000000009, 76.96300000000005, 99.09200000000006, 79.84900000000003, 84.45900000000006, 47.75799999999999, 66.27000000000001, 18.889999999999993, 48.246, 3.991]
prixsell = 47300.0
QTSell = 3.991
ValueSell = 109.06699999999998
MoyenneSell = 72.81243548387101
MoyenneBuy = 116.97460824742271
ValueBUY = 125.70400000000011
listBuy = [72.37700000000002, 109.06699999999998, 101.31399999999996, 135.005, 138.22800000000004, 123.511, 115.40000000000003, 71.33099999999999, 112.122, 134.644, 87.12599999999996, 146.32900000000006, 107.08000000000007, 102.90600000000008, 101.03800000000005, 104.46400000000006, 71.20300000000005, 118.15599999999999, 74.671, 117.91900000000003, 101.17300000000004, 5.98, 13.967000000000002, 20.412000000000003, 24.842, 56.056000000000026, 26.456000000000003, 81.87599999999999, 65.715, 75.715, 128.56099999999998, 102.04500000000006, 62.08300000000002, 108.41399999999997, 48.39700000000001, 37.878, 36.236000000000004, 25.349999999999994, 30.133999999999997, 53.893000000000036, 36.872, 29.166, 44.05900000000001, 33.944, 30.396000000000008, 38.188, 84.19399999999999, 79.22100000000002, 53.36100000000002, 34.23799999999999, 95.13800000000008, 75.01900000000002, 105.98300000000009, 76.96300000000005, 99.09200000000006, 79.84900000000003, 84.45900000000006, 47.75799999999999, 66.27000000000001, 18.889999999999993, 48.246, 3.991]
QTBuy = 192.06100000000006
prixbuy = 47250.0
listBuy = [9.881, 20.072, 37.497000000000014, 58.843, 71.20399999999998, 125.70400000000011, 93.24600000000007, 91.65600000000005, 74.63500000000003, 58.649999999999984, 45.97700000000001, 38.62100000000001, 15.965999999999996, 14.149000000000001, 26.936000000000003, 51.81699999999998, 54.793999999999976, 40.59200000000002, 74.53899999999997, 95.18300000000002, 81.03800000000005, 119.79, 130.629, 116.28000000000004, 134.80000000000007, 123.10900000000004, 133.25800000000007, 67.26400000000001, 73.07100000000003, 73.73000000000002, 60.58800000000003, 83.88900000000004, 83.41900000000004, 128.19700000000003, 134.57900000000006, 173.23900000000003, 61.153999999999996, 91.864, 406.1849999999999, 15.350999999999999, 18.865000000000002, 19.182000000000002, 55.242, 30.669999999999998, 25.762, 32.32300000000001, 18.189999999999998, 23.65, 41.815999999999995, 36.986000000000004, 43.757, 80.54, 40.845, 43.19100000000002, 33.11400000000001, 2.53, 367.9750000000001, 356.8659999999999, 370.18399999999997, 372.91399999999976, 326.18699999999995, 323.47200000000004, 185.09199999999998, 129.44600000000003, 118.46999999999994, 104.55499999999992, 89.84700000000001, 113.64899999999999, 112.81600000000002, 129.62899999999996, 152.96100000000013, 197.4000000000001, 208.7790000000002, 194.94900000000027, 174.50000000000026, 190.61200000000022, 194.11300000000023, 171.7410000000001, 182.50700000000012, 194.60900000000007, 186.31500000000003, 183.22700000000006, 174.60500000000002, 162.794, 192.22200000000012, 108.14100000000002, 107.42700000000002, 92.33600000000004, 104.69399999999996, 90.23600000000003, 101.664, 94.072, 163.74800000000005, 149.40499999999997, 176.545, 165.713, 192.06100000000006]
-------------------------------perte--------------
ListSell = [0.004, 193.95099999999996, 149.86300000000003, 189.31300000000002, 167.99900000000002, 220.13200000000003, 208.08500000000006, 131.52400000000003, 146.487, 129.40300000000002, 69.165, 62.69300000000001, 60.65100000000001, 108.86100000000006, 138.05300000000003, 144.02299999999997, 117.86000000000001, 107.84000000000002, 152.078, 147.139, 142.282, 130.32600000000002, 122.10700000000006, 178.83900000000003, 136.734, 21.953000000000014, 15.341999999999999, 17.923, 14.597999999999997, 18.266999999999996, 16.867, 21.519, 17.524, 35.372, 26.426, 21.819000000000003, 16.54, 73.34200000000001, 66.14999999999999, 81.05300000000003, 70.823, 77.13500000000006, 70.4, 80.15799999999999, 71.448, 80.04599999999999, 118.29400000000004, 93.39600000000006, 133.38500000000008, 116.06700000000005, 110.88600000000005, 101.40300000000006, 18.767999999999997, 56.43500000000002, 67.13500000000002, 62.723, 120.12900000000005, 109.9360000000001, 63.948000000000015, 72.85400000000003, 72.64000000000001, 67.63999999999999, 113.67000000000006, 91.37500000000003, 63.19900000000001, 75.78500000000004, 95.48900000000005, 109.50000000000009, 115.5070000000001, 140.6060000000001, 129.70800000000008, 124.85900000000008, 71.54700000000001, 101.19000000000001, 112.99300000000004, 111.55800000000005, 108.20800000000006, 65.40100000000002, 99.1800000000001, 74.79000000000003, 91.10800000000003, 151.92700000000008, 148.8420000000001, 141.90000000000006, 138.95800000000006, 8.546, 9.380999999999998, 0.322]
prixsell = 47250.0
QTSell = 0.322
ValueSell = 193.95099999999996
MoyenneSell = 92.62846590909093
MoyenneBuy = 119.66529347826088
ValueBUY = 172.882
listBuy = [0.004, 193.95099999999996, 149.86300000000003, 189.31300000000002, 167.99900000000002, 220.13200000000003, 208.08500000000006, 131.52400000000003, 146.487, 129.40300000000002, 69.165, 62.69300000000001, 60.65100000000001, 108.86100000000006, 138.05300000000003, 144.02299999999997, 117.86000000000001, 107.84000000000002, 152.078, 147.139, 142.282, 130.32600000000002, 122.10700000000006, 178.83900000000003, 136.734, 21.953000000000014, 15.341999999999999, 17.923, 14.597999999999997, 18.266999999999996, 16.867, 21.519, 17.524, 35.372, 26.426, 21.819000000000003, 16.54, 73.34200000000001, 66.14999999999999, 81.05300000000003, 70.823, 77.13500000000006, 70.4, 80.15799999999999, 71.448, 80.04599999999999, 118.29400000000004, 93.39600000000006, 133.38500000000008, 116.06700000000005, 110.88600000000005, 101.40300000000006, 18.767999999999997, 56.43500000000002, 67.13500000000002, 62.723, 120.12900000000005, 109.9360000000001, 63.948000000000015, 72.85400000000003, 72.64000000000001, 67.63999999999999, 113.67000000000006, 91.37500000000003, 63.19900000000001, 75.78500000000004, 95.48900000000005, 109.50000000000009, 115.5070000000001, 140.6060000000001, 129.70800000000008, 124.85900000000008, 71.54700000000001, 101.19000000000001, 112.99300000000004, 111.55800000000005, 108.20800000000006, 65.40100000000002, 99.1800000000001, 74.79000000000003, 91.10800000000003, 151.92700000000008, 148.8420000000001, 141.90000000000006, 138.95800000000006, 8.546, 9.380999999999998, 0.322]
QTBuy = 379.5589999999997
prixbuy = 47200.0
listBuy = [8.308, 172.882, 167.46299999999997, 166.93099999999998, 292.31900000000013, 17.191, 27.162, 21.558999999999997, 27.841, 15.075, 296.068, 44.24200000000001, 32.911, 45.637, 117.50699999999999, 104.76499999999999, 95.416, 19.749000000000002, 22.4, 26.711, 62.922, 53.593, 33.14399999999999, 23.836999999999996, 24.006, 34.096, 35.58399999999999, 25.353, 30.14, 245.39700000000016, 252.16500000000016, 273.6230000000001, 272.9570000000003, 274.15299999999996, 247.8490000000002, 276.8309999999999, 286.538, 245.60300000000024, 236.91500000000016, 262.94300000000015, 274.5240000000001, 235.37400000000014, 166.97300000000007, 131.87599999999992, 150.06600000000003, 136.18499999999997, 149.321, 134.86499999999995, 153.29000000000002, 167.18300000000005, 116.47499999999994, 135.32299999999995, 64.339, 62.227, 81.914, 100.397, 186.92800000000008, 191.56000000000012, 157.30900000000003, 126.40199999999996, 97.947, 78.99400000000001, 132.02599999999998, 120.74499999999993, 118.46599999999995, 140.78199999999995, 104.81899999999999, 124.31099999999992, 132.152, 116.03699999999999, 109.94199999999998, 31.779, 42.23000000000001, 22.811000000000003, 30.4, 20.403999999999996, 72.86299999999999, 34.04700000000001, 35.26200000000001, 39.187999999999995, 28.066000000000003, 79.24799999999999, 70.17399999999999, 75.30400000000002, 68.30699999999997, 26.365000000000002, 20.371000000000002, 23.302, 18.682000000000002, 389.0609999999999, 383.2459999999998, 379.5589999999997]
-------------------------------perte--------------
ListSell = [218.08000000000007, 143.091, 149.86, 147.525, 153.16800000000003, 164.47199999999992, 147.84299999999993, 149.49200000000002, 162.66, 152.219, 158.84100000000004, 179.38400000000007, 147.75100000000003, 136.6920000000001, 79.09200000000003, 90.67599999999999, 67.755, 94.49500000000002, 68.208, 51.80200000000001, 29.395000000000007, 53.05500000000001, 22.680000000000007, 58.816000000000024, 56.135, 71.00400000000003, 92.47100000000002, 87.084, 105.08300000000004, 120.74999999999999, 66.712, 141.2730000000001, 343.57799999999986, 360.3579999999999, 139.47499999999997, 2.245]
prixsell = 47250.0
QTSell = 2.245
ValueSell = 218.08000000000007
MoyenneSell = 122.58944444444445
MoyenneBuy = 195.15049999999982
ValueBUY = 382.28799999999967
listBuy = [218.08000000000007, 143.091, 149.86, 147.525, 153.16800000000003, 164.47199999999992, 147.84299999999993, 149.49200000000002, 162.66, 152.219, 158.84100000000004, 179.38400000000007, 147.75100000000003, 136.6920000000001, 79.09200000000003, 90.67599999999999, 67.755, 94.49500000000002, 68.208, 51.80200000000001, 29.395000000000007, 53.05500000000001, 22.680000000000007, 58.816000000000024, 56.135, 71.00400000000003, 92.47100000000002, 87.084, 105.08300000000004, 120.74999999999999, 66.712, 141.2730000000001, 343.57799999999986, 360.3579999999999, 139.47499999999997, 2.245]
QTBuy = 382.28799999999967
prixbuy = 47200.0
listBuy = [8.012999999999998, 382.28799999999967]
